0.000 -2.000
0.026 -1.998
0.052 -1.995
0.078 -1.993
0.104 -1.991
0.130 -1.989
0.156 -1.987
0.182 -1.985
0.208 -1.983
0.234 -1.982
0.260 -1.980
0.286 -1.979
0.312 -1.977
0.338 -1.976
0.364 -1.975
0.389 -1.974
0.415 -1.973
0.441 -1.972
0.467 -1.972
0.493 -1.971
0.519 -1.971
0.545 -1.970
0.571 -1.970
0.597 -1.970
0.623 -1.970
0.649 -1.970
0.675 -1.970
0.701 -1.970
0.727 -1.971
0.753 -1.971
0.779 -1.972
0.805 -1.973
0.831 -1.973
0.857 -1.974
0.883 -1.975
0.909 -1.976
0.935 -1.978
0.961 -1.979
0.987 -1.980
1.013 -1.982
1.039 -1.984
1.065 -1.985
1.091 -1.987
1.117 -1.989
1.142 -1.991
1.168 -1.993
1.194 -1.996
1.220 -1.998
1.246 -2.001
1.272 -2.003
1.298 -2.006
1.324 -2.009
1.350 -2.012
1.376 -2.015
1.402 -2.018
1.428 -2.021
1.454 -2.025
1.480 -2.028
1.506 -2.032
1.532 -2.035
1.558 -2.039
1.584 -2.043
1.610 -2.047
1.636 -2.051
1.662 -2.055
1.688 -2.059
1.714 -2.064
1.740 -2.068
1.766 -2.073
1.792 -2.078
1.818 -2.082
1.844 -2.087
1.869 -2.092
1.895 -2.098
1.921 -2.103
1.947 -2.108
1.973 -2.114
1.999 -2.119
2.025 -2.125
2.051 -2.131
2.077 -2.137
2.103 -2.143
2.129 -2.149
2.155 -2.155
2.181 -2.161
2.207 -2.168
2.233 -2.174
2.259 -2.181
2.285 -2.187
2.311 -2.194
2.337 -2.201
2.363 -2.208
2.389 -2.215
2.415 -2.223
2.441 -2.230
2.467 -2.238
2.493 -2.245
2.519 -2.253
2.545 -2.261
2.571 -2.269
2.597 -2.277
2.622 -2.285
2.648 -2.293
2.674 -2.301
2.700 -2.310
2.726 -2.318
2.752 -2.327
2.778 -2.336
2.804 -2.344
2.830 -2.353
2.856 -2.362
2.882 -2.372
2.908 -2.381
2.934 -2.390
2.960 -2.400
2.986 -2.409
3.012 -2.419
3.038 -2.429
3.064 -2.439
3.090 -2.449
3.116 -2.459
3.142 -2.469
3.168 -2.479
3.194 -2.490
3.220 -2.500
3.246 -2.511
3.272 -2.522
3.298 -2.533
3.324 -2.544
3.350 -2.555
3.375 -2.566
3.401 -2.577
3.427 -2.589
3.453 -2.600
3.479 -2.612
3.505 -2.623
3.531 -2.635
3.557 -2.647
3.583 -2.659
3.609 -2.671
3.635 -2.683
3.661 -2.696
3.687 -2.708
3.713 -2.721
3.739 -2.733
3.765 -2.746
3.791 -2.759
3.817 -2.772
3.843 -2.785
3.869 -2.798
3.895 -2.812
3.921 -2.825
3.947 -2.839
3.973 -2.852
3.999 -2.866
4.025 -2.880
4.051 -2.894
4.077 -2.908
4.103 -2.922
4.128 -2.936
4.154 -2.950
4.180 -2.965
4.206 -2.979
4.232 -2.994
