0.000 -0.000
0.026 -1.180
0.052 -1.664
0.078 -2.032
0.104 -2.339
0.130 -2.607
0.156 -2.847
0.182 -3.065
0.208 -3.266
0.234 -3.453
0.260 -3.628
0.286 -3.793
0.312 -3.948
0.338 -4.096
0.364 -4.236
0.389 -4.370
0.415 -4.499
0.441 -4.621
0.467 -4.739
0.493 -4.852
0.519 -4.961
0.545 -5.066
0.571 -5.167
0.597 -5.264
0.623 -5.358
0.649 -5.449
0.675 -5.537
0.701 -5.622
0.727 -5.704
0.753 -5.783
0.779 -5.860
0.805 -5.935
0.831 -6.007
0.857 -6.077
0.883 -6.144
0.909 -6.210
0.935 -6.273
0.961 -6.335
0.987 -6.394
1.013 -6.452
1.039 -6.508
1.065 -6.562
1.091 -6.615
1.117 -6.665
1.142 -6.714
1.168 -6.762
1.194 -6.807
1.220 -6.852
1.246 -6.894
1.272 -6.935
1.298 -6.975
1.324 -7.013
1.350 -7.050
1.376 -7.086
1.402 -7.120
1.428 -7.153
1.454 -7.184
1.480 -7.214
1.506 -7.243
1.532 -7.270
1.558 -7.296
1.584 -7.321
1.610 -7.345
1.636 -7.367
1.662 -7.388
1.688 -7.408
1.714 -7.427
1.740 -7.445
1.766 -7.461
1.792 -7.476
1.818 -7.490
1.844 -7.503
1.869 -7.515
1.895 -7.525
1.921 -7.534
1.947 -7.543
1.973 -7.550
1.999 -7.556
2.025 -7.560
2.051 -7.564
2.077 -7.566
2.103 -7.568
2.129 -7.568
2.155 -7.567
2.181 -7.565
2.207 -7.562
2.233 -7.558
2.259 -7.552
2.285 -7.546
2.311 -7.538
2.337 -7.529
2.363 -7.519
2.389 -7.508
2.415 -7.495
2.441 -7.482
2.467 -7.467
2.493 -7.451
2.519 -7.434
2.545 -7.416
2.571 -7.396
2.597 -7.376
2.622 -7.354
2.648 -7.331
2.674 -7.306
2.700 -7.281
2.726 -7.254
2.752 -7.226
2.778 -7.196
2.804 -7.165
2.830 -7.133
2.856 -7.099
2.882 -7.065
2.908 -7.028
2.934 -6.991
2.960 -6.951
2.986 -6.911
3.012 -6.869
3.038 -6.825
3.064 -6.780
3.090 -6.733
3.116 -6.685
3.142 -6.635
3.168 -6.583
3.194 -6.530
3.220 -6.475
3.246 -6.418
3.272 -6.359
3.298 -6.298
3.324 -6.235
3.350 -6.171
3.375 -6.104
3.401 -6.035
3.427 -5.964
3.453 -5.890
3.479 -5.814
3.505 -5.736
3.531 -5.655
3.557 -5.571
3.583 -5.484
3.609 -5.395
3.635 -5.302
3.661 -5.206
3.687 -5.106
3.713 -5.003
3.739 -4.896
3.765 -4.784
3.791 -4.669
3.817 -4.548
3.843 -4.422
3.869 -4.291
3.895 -4.153
3.921 -4.008
3.947 -3.856
3.973 -3.695
3.999 -3.524
4.025 -3.342
4.051 -3.147
4.077 -2.936
4.103 -2.705
4.128 -2.450
4.154 -2.160
4.180 -1.820
4.206 -1.394
4.232 -0.746
4.243 0.000