0.000 -0.000
0.026 -1.967
0.052 -2.774
0.078 -3.387
0.104 -3.898
0.130 -4.345
0.156 -4.745
0.182 -5.108
0.208 -5.444
0.234 -5.755
0.260 -6.047
0.286 -6.321
0.312 -6.581
0.338 -6.827
0.364 -7.061
0.389 -7.284
0.415 -7.498
0.441 -7.702
0.467 -7.898
0.493 -8.087
0.519 -8.268
0.545 -8.443
0.571 -8.611
0.597 -8.773
0.623 -8.930
0.649 -9.081
0.675 -9.228
0.701 -9.369
0.727 -9.506
0.753 -9.639
0.779 -9.767
0.805 -9.891
0.831 -10.011
0.857 -10.128
0.883 -10.240
0.909 -10.350
0.935 -10.456
0.961 -10.558
0.987 -10.657
1.013 -10.754
1.039 -10.847
1.065 -10.937
1.091 -11.024
1.117 -11.109
1.142 -11.190
1.168 -11.269
1.194 -11.346
1.220 -11.419
1.246 -11.490
1.272 -11.559
1.298 -11.625
1.324 -11.689
1.350 -11.751
1.376 -11.810
1.402 -11.866
1.428 -11.921
1.454 -11.973
1.480 -12.023
1.506 -12.071
1.532 -12.117
1.558 -12.160
1.584 -12.202
1.610 -12.241
1.636 -12.279
1.662 -12.314
1.688 -12.347
1.714 -12.378
1.740 -12.408
1.766 -12.435
1.792 -12.460
1.818 -12.483
1.844 -12.505
1.869 -12.524
1.895 -12.542
1.921 -12.557
1.947 -12.571
1.973 -12.583
1.999 -12.593
2.025 -12.601
2.051 -12.607
2.077 -12.611
2.103 -12.613
2.129 -12.613
2.155 -12.612
2.181 -12.608
2.207 -12.603
2.233 -12.596
2.259 -12.587
2.285 -12.576
2.311 -12.563
2.337 -12.548
2.363 -12.531
2.389 -12.513
2.415 -12.492
2.441 -12.470
2.467 -12.445
2.493 -12.419
2.519 -12.390
2.545 -12.360
2.571 -12.327
2.597 -12.293
2.622 -12.256
2.648 -12.218
2.674 -12.177
2.700 -12.134
2.726 -12.090
2.752 -12.043
2.778 -11.993
2.804 -11.942
2.830 -11.888
2.856 -11.832
2.882 -11.774
2.908 -11.714
2.934 -11.651
2.960 -11.586
2.986 -11.518
3.012 -11.448
3.038 -11.375
3.064 -11.300
3.090 -11.222
3.116 -11.141
3.142 -11.058
3.168 -10.972
3.194 -10.883
3.220 -10.791
3.246 -10.696
3.272 -10.598
3.298 -10.497
3.324 -10.392
3.350 -10.284
3.375 -10.173
3.401 -10.058
3.427 -9.939
3.453 -9.817
3.479 -9.690
3.505 -9.559
3.531 -9.424
3.557 -9.285
3.583 -9.140
3.609 -8.991
3.635 -8.836
3.661 -8.676
3.687 -8.510
3.713 -8.338
3.739 -8.160
3.765 -7.974
3.791 -7.781
3.817 -7.580
3.843 -7.370
3.869 -7.151
3.895 -6.921
3.921 -6.680
3.947 -6.426
3.973 -6.158
3.999 -5.873
4.025 -5.570
4.051 -5.245
4.077 -4.893
4.103 -4.509
4.128 -4.083
4.154 -3.600
4.180 -3.033
4.206 -2.323
4.232 -1.243
4.243 0.000