0.000 0.000
0.026 0.000
0.052 0.000
0.078 0.000
0.104 0.000
0.130 0.000
0.156 0.000
0.182 0.000
0.208 0.000
0.234 0.000
0.260 0.000
0.286 0.000
0.312 0.000
0.338 0.000
0.364 0.000
0.389 0.000
0.415 0.000
0.441 0.000
0.467 0.000
0.493 0.000
0.519 0.000
0.545 0.000
0.571 0.000
0.597 0.000
0.623 0.000
0.649 0.000
0.675 0.000
0.701 0.000
0.727 0.000
0.753 0.000
0.779 0.000
0.805 0.000
0.831 0.000
0.857 0.000
0.883 0.000
0.909 0.000
0.935 0.000
0.961 0.000
0.987 0.000
1.013 0.000
1.039 0.000
1.065 0.000
1.091 0.000
1.117 0.000
1.142 0.000
1.168 0.000
1.194 0.000
1.220 0.000
1.246 0.000
1.272 0.000
1.298 0.000
1.324 0.000
1.350 0.000
1.376 0.000
1.402 0.000
1.428 0.000
1.454 0.000
1.480 0.000
1.506 0.000
1.532 0.000
1.558 0.000
1.584 0.000
1.610 0.000
1.636 0.000
1.662 0.000
1.688 0.000
1.714 0.000
1.740 0.000
1.766 0.000
1.792 0.000
1.818 0.000
1.844 0.000
1.869 0.000
1.895 0.000
1.921 0.000
1.947 0.000
1.973 0.000
1.999 0.000
2.025 0.000
2.051 0.000
2.077 0.000
2.103 0.000
2.129 0.000
2.155 0.000
2.181 0.000
2.207 0.000
2.233 0.000
2.259 0.000
2.285 0.000
2.311 0.000
2.337 0.000
2.363 0.000
2.389 0.000
2.415 0.000
2.441 0.000
2.467 0.000
2.493 0.000
2.519 0.000
2.545 0.000
2.571 0.000
2.597 0.000
2.622 0.000
2.648 0.000
2.674 0.000
2.700 0.000
2.726 0.000
2.752 0.000
2.778 0.000
2.804 0.000
2.830 0.000
2.856 0.000
2.882 0.000
2.908 0.000
2.934 0.000
2.960 0.000
2.986 0.000
3.012 0.000
3.038 0.000
3.064 0.000
3.090 0.000
3.116 0.000
3.142 0.000
3.168 0.000
3.194 0.000
3.220 0.000
3.246 0.000
3.272 0.000
3.298 0.000
3.324 0.000
3.350 0.000
3.375 0.000
3.401 0.000
3.427 0.000
3.453 0.000
3.479 0.000
3.505 0.000
3.531 0.000
3.557 0.000
3.583 0.000
3.609 0.000
3.635 0.000
3.661 0.000
3.687 0.000
3.713 0.000
3.739 0.000
3.765 0.000
3.791 0.000
3.817 0.000
3.843 0.000
3.869 0.000
3.895 0.000
3.921 0.000
3.947 0.000
3.973 0.000
3.999 0.000
4.025 0.000
4.051 0.000
4.077 0.000
4.103 0.000
4.128 0.000
4.154 0.000
4.180 0.000
4.206 0.000
4.232 0.000
4.243 0.000